%%
%count_1 = 2789+189;
%count_2 = 16706+448;
count_1 = 6911;
count_2 = 22931;

t = 603;

NK = (count_1/(0.9*0.95))/t;
NG = (count_2/0.64)/t;

alpha = NK/NG
%%
%count_511 = 35388;
%count_127 = 9917;
count_511 = 32347;%-299;
count_127 = 7449;%-186;

factor = (count_511/0.72)/(count_127/0.374)



