h = 6.62607004e-34;
c = 2.99792458e8;
eV = 1.60217662e+19;

L = (10^(-9))*[340.480 346.882 361.559 361.401 361.164];

E = (eV*h*c)./L;

D = abs([E(1)-E(2) E(2)-E(3) E(3)-E(4) E(4)-E(5)])

% 0.172516707455673 J = 0 -> 1
% 0.372447629972397 J = 1 -> 2
% 0.003848375333661 J = 1 -> 2 (D)
% 0.005778876371661 J = 2 -> 3 (D)
