lambda_max = 656.539448;

R = (1/(1/2^2 - 1/3^2))*1/(lambda_max*1e-9)
R_teori = 1.097373156850865e7

h = 6.6261e-34;
c = 2.99792458e8;
rydberg = @(n1, n2) 1/(R_teori*(1/n1^2 - 1/n2^2));